2006    800     0       49.990000       85.000000
2006    800     0       49.990000       102.500000
2006    800     0       49.990000       77.000000
item #4 did not sell
2006    800     0       49.990000       162.500000
2002    3096    0       269.990000      699.990000
2002    3096    0       269.990000      602.000000
2002    3096    0       269.990000      515.000000
2002    3096    0       269.990000      510.000000
2002    3096    0       269.990000      375.000000
2002    3096    1       269.990000      1050.000000
2002    3096    0       269.990000      740.000000
2002    3096    1       269.990000      759.000000
2002    3096    0       269.990000      730.000000
2002    3096    1       269.990000      750.000000
item #11 did not sell
2007    5195    0       499.990000      910.000000
2007    5195    1       499.990000      1199.990000
2007    5195    0       499.990000      811.880000
item #4 did not sell
2007    5195    0       499.990000      1324.790000
2007    5195    1       499.990000      850.000000
2007    5195    1       499.990000      800.000000
2007    5195    0       499.990000      810.000000
2007    5195    1       499.990000      1075.000000
2007    5195    0       499.990000      1050.000000
2007    5195    1       499.990000      1199.990000
2007    5195    0       499.990000      1342.310000
2007    5195    1       499.990000      1000.000000
2007    5195    0       499.990000      1780.000000
2007    5195    0       499.990000      750.000000
item #16 did not sell
2007    5195    0       499.990000      2204.990000
item #18 did not sell
2007    5195    1       499.990000      925.000000
2007    5195    0       499.990000      860.000000
item #21 did not sell
item #22 did not sell
2007    5195    1       499.990000      1199.990000
2007    5195    1       499.990000      1099.990000
2007    5195    1       499.990000      1149.990000
2007    5195    1       499.990000      800.000000
2007    5195    1       499.990000      850.000000
2007    3428    0       199.990000      469.950000
2007    3428    0       199.990000      479.000000
2007    3428    0       199.990000      299.990000
2007    3428    0       199.990000      369.000000
2007    3428    1       199.990000      424.950000
2007    3428    1       199.990000      380.000000
2007    3428    0       199.990000      305.000000
2008    5922    1       299.990000      530.000000
item #2 did not sell
2008    5922    1       299.990000      599.950000
2008    5922    0       299.990000      510.000000
2008    5922    0       299.990000      423.000000
item #6 did not sell
item #7 did not sell
2008    5922    1       299.990000      599.990000
item #9 did not sell
2008    5922    1       299.990000      589.990000
2008    5922    1       299.990000      569.990000
2008    5922    1       299.990000      529.990000
2008    5922    0       299.990000      500.000000
2008    5922    1       299.990000      549.950000
2008    5922    0       299.990000      300.000000
item #16 did not sell
2009    3263    1       249.990000      380.000000
2009    3263    1       249.990000      399.000000
2009    3263    1       249.990000      427.990000
2009    3263    0       249.990000      360.000000
item #5 did not sell
item #6 did not sell
2009    3263    1       249.990000      399.000000
2009    3263    1       249.990000      399.950000
2009    3263    1       249.990000      499.990000
item #10 did not sell
2009    3263    0       249.990000      399.950000
item #12 did not sell
2009    3263    1       249.990000      331.510000


the best model from Ridge Regression is:
 [[-1.82407277e+01  8.23060375e-04 -6.07046367e+00  1.90468009e+00]]
with constant term:  36656.45988417058

